29774
33344
4815
6772
48317
29918
33262
5138
7342
47874
28864
32471
4316
6436
47498
29802
33159
3730
5093
47740
30548
34549
2845
4996
47866
28855
32834
4603
6914
48126
29932
33300
3860
5424
47055
29434
32604
4609
6380
47844
30456
34217
4361
6550
46896
29664
32857
4923
7502
47270
31267
34427
4799
6611
47404
28509
31687
3477
5563
48003
29545
33412
5114
6808
47692
29209
33265
4131
6401
48102
31290
34432
6060
8451
48279
32337
35646
6022
9048
48584
30768
34394
5091
6510
48023
30310
33230
5098
6671
48349
29690
33490
4260
5916
47371
31173
34943
4517
6494
47689
30281
33894
3768
6113
48095
28913
32821
6172
8276
48004
31249
34088
5257
6961
47534
30404
34101
4985
6899
48115
31823
35148
3922
6548
48127
30815
34450
3481
5089
47913
31683
34591
5251
7608
47984
29837
33823
4615
6448
47752
31222
34079
5686
7919
48675
28567
32964
5009
6201
47039
29355
33909
3982
5389
47166
31058
35180
5177
6890
48032
31176
35098
5235
7861
47830
30874
34639
5266
7489
47323
29960
34050
4988
7434
48208
